163075 0.000659478549104213
597621 0.00065525300297557
537039 0.0006425348579135226
41909 0.0006266954063574103
384666 0.0005412186216922338
504140 0.0005388222659767264
605856 0.0005281156239922404
551829 0.0005181568393039782
486980 0.0005154434721080191
558791 0.0005063107573381325
32163 0.0005044046487379432
751384 0.00048249907703783624
765334 0.00047747522264507435
908351 0.00045123209893005277
885605 0.0004507120584170469
173976 0.00044138696624693326
425770 0.0004411135651416245
819223 0.00043202463418633467
7314 0.0004315949025481972
213432 0.00042952552371202475
407610 0.0004177314728704326
691633 0.00041354097487269093
828963 0.00040550522469793296
459074 0.0004037258221259087
396321 0.0003970703793172687
452291 0.0003967342667894501
687325 0.00039234254945203997
172133 0.00037946399857334215
277876 0.0003767384082728012
905628 0.000374771521012475
226374 0.000370183444985234
448961 0.00036938925129885274
599130 0.0003645242234295853
486434 0.00035884707462217864
324502 0.00035758047117304554
323129 0.0003561871603115719
54147 0.0003542291159787598
804489 0.0003470616688197984
621670 0.0003431648341028673
555924 0.0003422286145287918
726490 0.0003407080728215034
721816 0.0003372475031156241
182121 0.0003348971107377361
185067 0.00033159995509214824
245186 0.0003302573250759015
57791 0.000325488524031195
74397 0.0003236975681158571
587935 0.000321790850677927
870811 0.0003204298294786104
185821 0.00031237575276197113
21682 0.0003099674789582346
399699 0.0003082342400328277
191990 0.0003082252632277599
402132 0.00030648184088118
438491 0.0003036642628054936
846221 0.0003034606587817447
434134 0.000302537922964962
36292 0.00029031993925745765
666882 0.00029025497019741307
183501 0.00028547866785048724
614831 0.000284663200145815
699754 0.00027839138641359775
354640 0.00027460066466823615
715883 0.00027459136980966263
468736 0.00027233950629741943
837478 0.00026595456011904657
187242 0.0002641819129444342
596972 0.00026398734737470065
557124 0.00026244872343165766
587721 0.0002582913907445226
818382 0.0002454978850912341
495084 0.0002441400079651926
466323 0.00023893821820868854
483532 0.00023782554057989557
232639 0.00023751378761698909
438493 0.00023687999532344094
1536 0.0002334191133762932
637936 0.00022660005227750584
223236 0.00022424227622271886
298511 0.00022373236522361332
626893 0.0002197108183248516
227675 0.0002193630256324246
138746 0.0002128431965971139
427629 0.00021216140470674
772466 0.0002114801596869396
522190 0.00020843855865185592
812640 0.00020781457847418426
798584 0.00020561631244592305
704396 0.00020212340613502737
655158 0.00019923467027996864
673065 0.0001988388105230543
8316 0.00019757197890717034
539241 0.00019267334534349146
579985 0.0001913973529796895
353200 0.00019103317926177576
717644 0.0001886081571462709
369102 0.0001852107967799025
48888 0.00018139481397709504
133962 0.00017480124892008586
564521 0.00017420823768598244
